7367
5531
1599
7407
681
7247
189
1509
8957
231
8175
7813
5567
7081
1205
8877
2411
5885
8511
7313
5151
2809
1649
371
8051
2017
2725
8933
6357
1839
9187
7225
5465
1719
861
415
9567
5371
5431
1709
825
1315
1597
239
4759
9573
9577
955
6661
969
6811
8069
8453
2507
6663
1155
2309
2645
6567
5869
9859
1271
4193
6977
7679
4651
7459
6075
5431
5739
445
5157
361
6063
7327
2825
2469
5873
5825
105
1901
4059
1357
6067
4475
8439
4757
9035
6961
9541
7329
8587
5549
7835
3895
2163
7565
3269
4131
5051
4029
1479
6929
885
6773
9289
3215
2641
9563
2441
7285
9539
7989
2091
1801
1895
3791
5169
5107
4841
3983
2931
3881
4663
1875
9987
9187
341
7633
425
5033
3927
3719
8689
8657
6631
4875
6927
8093
8861
2947
6529
4827
7555
4811
3341
993
295
1409
5177
4449
6267
717
9717
8447
2389
9945
6639
2085
2047
7839
975
5073
1157
5099
5637
437
4579
5165
583
2915
2599
3173
1457
919
6917
8897
3445
5137
7223
9361
3587
9447
4665
4781
9757
4589
3739
655
2969
2123
1187
389
8713
1431
2763
1691
227
9957
6239
9949
9693
1471
3629
437
6899
7029
7237
3129
3927
3013
9955
9815
8381
9211
9569
8065
7075
21
23
9985
9259
8047
4333
1813
3013
2325
2235
4895
6943
511
7907
9993
1311
8579
3157
9627
9823
6917
7251
6737
3519
5879
6431
8141
6801
6885
8237
3169
775
9511
3797
7679
5753
2363
5497
7987
1375
4079
3861
3693
1851
1107
1693
9047
3839
5173
37
1303
1287
2927
6151
705
6879
2739
4611
1793
355
4815
5431
1945
857
4959
4059
5335
8377
2257
3675
1769
2061
6683
5335
3787
2179
2253
5699
2753
2181
8691
9023
6957
995
697
8867
6347
3209
8447
5359
5109
2725
1223
9479
4241
6245
8827
8785
2205
7153
9037
1561
9123
2803
5831
9191
5625
7643
4181
7467
9543
9301
4749
9575
1911
4123
37
5213
297
4207
9647
3011
205
5049
4561
2971
3891
8705
7211
2403
7097
411
2965
9973
3377
4841
2587
9047
6531
3485
715
4251
9839
9561
2999
6561
2175
1523
6405
5637
8257
2257
7801
2791
7215
3589
7735
4965
5817
2333
1675
535
413
4983
3899
9307
2913
3581
733
2345
1409
3617
5991
621
2245
581
7417
8865
3903
8693
8427
8883
263
6639
2337
5995
4523
7711
8685
6029
8881
2039
6071
7729
7245
1719
2965
1625
8243
4401
499
9379
8563
3055
6515
4399
9741
5833
9785
4599
701
9295
5433
4837
8115
8381
9957
8915
7507
7319
313
1573
7025
3151
1203
337
5919
9455
1885
8801
3431
9631
1403
8775
7863
6957
6415
9527
6821
8913
9961
2995
5219
1365
3825
9099
5587
4627
2007
1341
8789
3167
2221
6409
3921
4289
5063
4315
3213
4187
9503
5517
8917
2589
5575
2193
2643
1737
3039
461
4823
2503
1751
9401
3781
4037
9849
5945
361
8653
449
8929
3141
1331
5669
5571
2869
1671
1475
1147
3719
1763
937
101
4567
9067
2951
9993
5911
4109
261
6081
911
2365
8327
1199
6677
8597
347
4075
8025
355
1037
1483
187
6555
7615
2401
8065
4855
2635
825
8439
2863
9233
9031
6327
8697
9873
6843
6489
4669
575
9061
2353
711
3495
9161
7003
877
199
1737
2351
77
951
2057
3897
1949
3007
2287
7037
9461
1641
4941
2407
1205
2131
2071
6955
3791
4287
615
9073
6947
913
769
9699
8409
3813
1145
8879
5101
995
1309
1905
6063
387
7231
5181
6739
4321
4113
6001
445
7855
473
799
5801
633
3383
2929
7203
8945
8859
9311
755
3531
6069
7573
2519
3139
7527
8725
6087
4301
937
9139
8797
6727
627
617
7267
657
5151
9835
7363
4015
8563
3139
4657
9561
8341
7659
6039
5469
2321
129
3323
8333
9121
6601
4751
4207
1319
5589
9519
2175
595
5547
2121
4337
7401
895
5459
9391
229
7225
5451
327
613
1697
8867
3617
3923
3573
4375
5909
5359
3779
3631
3783
8635
2645
2027
5035
6887
2263
2491
9839
3079
105
1219
8481
85
2535
3937
7763
5063
7965
5983
3939
9649
657
5909
5177
3745
9517
6539
8641
5021
153
4209
6969
9955
3929
9141
1303
3645
7665
4773
4541
435
9311
4741
6665
7539
5977
7439
8461
9121
41
7811
5355
9525
5949
2557
4605
1531
4743
1615
5611
503
2227
481
5443
2405
3603
7685
1883
2173
3903
3485
9927
4603
4705
3209
2695
6921
7855
8307
9825
5467
9827
151
2423
5069
9645
9495
6243
7711
2197
2207
5179
3759
5127
2543
5177
9829
6877
6705
9517
2353
99
4451
2281
563
3285
8797
2751
9485
9815
1143
3269
9537
4253
2097
7993
7929
427
6495
9257
4171
8113
5007
9427
2401
2529
9255
747
3609
9665
3561
7869
9707
867
9759
5943
9573
931
3975
1629
8721
9375
9245
8565
897
9617
6829
2595
9689
3145
4183
7041
39
1691
1779
4241
5279
5103
9867
7729
9303
8593
5859
8861
9125
8335
7815
4285
5033
3609
69
9335
6967
3395
5793
3337
9953
5077
3125
3115
5115
3841
4701
8323
3963
5059
993
69
6497
2691
1155
5279
7363
1885
9257
8797
3067
5787
3745
9233
3141
2271
9739
873
8421
9561
1907
2401
6839
7261
2355
7449
7713
6481
4095
4607
5443
9431
6051
6425
2479
1225
151
5539
6489
9325
3885
6395
7343
8157
9575
7075
6687
8533
6827
4407
3295
9417
2905
5573
6841
5281
9655
9081
5601
9427
2747
3463
2909
2041
4927
3971
4079
3817
5465
9643
1839
2439
3445
3251
5269
1961
4033
7551
3815
8957
7945
3477
9831
2109
2129
59
9183
3331
2671
1819
7311
713
8119
3761
149
8111
8323
947
7817
5013
3985
9661
6805
6395
6187
4617
7985
1947
773
3449
8195
8055
6403
8807
5545
5365
9523
7089
1181
3899
6297
27
7763
7783
8361
9245
9629
4873
7353
9621
1407
6205
6247
8529
2465
